701 105 22 7 2 6 4 32 21 6 2 2 27 3 0 23 14 5 3 18 0 50 0 63 13 0 0 1 9 1
16 646 10 7 0 1 3 5 3 0 0 2 4 0 0 1 1 1 0 1 0 10 7 23 0 0 0 12 7 0
50 52 470 5 14 2 0 13 8 4 1 5 7 7 2 1 4 3 2 16 7 14 2 38 6 1 6 10 9 1
33 44 11 446 26 2 14 8 7 10 0 9 15 0 7 3 0 0 1 1 2 21 18 18 5 6 5 21 26 1
12 47 6 11 514 2 11 25 1 24 4 1 6 0 8 9 2 5 2 1 2 19 11 9 0 3 1 8 14 2
57 44 14 5 3 439 1 11 7 9 4 4 6 0 0 5 14 12 10 11 9 41 2 31 4 0 3 7 5 2
12 11 4 5 11 0 667 2 0 9 1 6 8 1 0 3 1 0 0 3 1 4 0 4 0 0 0 0 7 0
56 16 13 6 17 0 2 553 3 4 0 1 8 0 3 7 6 6 5 1 3 21 2 20 0 0 4 1 1 1
83 18 27 13 11 27 2 29 414 8 1 11 3 1 6 4 1 23 2 7 3 33 0 11 8 3 7 0 4 0
32 10 18 2 19 0 0 10 6 574 8 2 3 1 24 7 0 0 0 4 2 14 0 20 4 0 0 0 0 0
21 22 6 1 10 0 5 22 7 9 489 6 9 3 4 89 3 5 7 4 4 10 0 9 0 3 6 1 1 4
37 20 4 6 10 4 7 2 0 13 0 373 9 0 1 3 6 0 0 9 4 5 10 27 2 0 0 5 13 0
35 26 2 2 6 0 4 6 20 4 0 2 407 1 0 0 0 1 0 5 0 15 1 26 1 2 1 1 2 0
17 14 7 10 10 0 4 6 0 6 5 4 0 459 2 8 0 2 0 0 0 1 0 2 2 2 1 1 6 1
21 15 7 2 34 3 5 9 1 12 9 4 0 0 353 18 8 1 6 3 0 3 4 8 1 4 9 1 29 0
20 22 9 0 21 1 3 4 1 0 5 4 2 0 0 422 5 0 1 4 2 6 0 31 2 0 3 1 1 0
46 39 8 1 0 0 0 2 6 4 0 1 1 0 1 1 410 0 0 3 4 12 1 19 1 0 0 2 3 5
22 33 6 6 5 9 0 29 3 6 3 0 9 0 2 0 3 338 2 2 2 7 0 4 30 0 2 37 8 2
21 26 8 0 5 42 5 10 3 0 1 1 2 0 0 2 5 1 361 1 0 14 1 15 20 0 16 2 8 0
30 38 5 0 8 7 0 7 5 4 1 8 5 0 0 2 27 0 0 333 17 36 0 31 6 0 0 0 0 0
36 33 11 0 0 34 0 4 14 0 0 0 4 0 0 0 8 13 55 13 287 22 0 29 4 0 0 1 2 0
35 39 8 25 3 7 0 20 12 8 0 1 5 0 0 0 3 17 1 5 0 346 0 17 8 0 0 1 5 4
12 46 6 5 19 0 10 6 1 10 0 12 4 0 3 1 0 0 0 6 0 2 373 21 12 1 4 11 5 0
23 7 17 1 1 5 0 1 0 7 0 1 1 0 0 0 12 0 0 8 1 21 0 458 3 0 0 0 3 0
24 31 8 10 13 3 1 7 18 6 2 6 3 0 6 7 2 12 5 0 1 11 17 15 345 0 9 4 4 0
14 18 7 2 19 1 2 17 2 5 2 0 30 1 4 1 12 4 1 5 3 5 2 42 1 367 0 0 2 1
21 30 7 1 23 3 8 22 3 2 0 8 19 1 0 5 8 0 1 4 0 10 11 11 17 0 311 41 3 0
27 81 9 3 2 3 1 11 0 4 0 1 7 0 1 0 1 0 1 1 0 12 9 16 0 0 22 339 17 2
9 27 6 1 9 0 4 7 0 5 0 0 2 0 0 0 2 0 1 0 3 5 0 8 2 0 0 5 454 1
27 46 15 0 0 0 1 14 8 5 4 0 0 0 1 1 4 1 0 0 1 14 0 7 1 0 0 2 10 408
