869 46 8 3 14 2 0 15 34 1 1 4 5 1 0 24 23 0 12 18
92 576 3 14 3 0 4 3 7 0 0 2 1 0 1 1 10 0 0 3
117 3 463 2 19 12 1 4 23 1 0 10 0 1 4 6 14 0 6 34
101 39 3 441 48 2 1 2 24 0 1 24 6 1 12 4 6 0 0 5
73 24 0 7 522 2 10 7 10 5 9 1 5 0 29 9 5 0 0 2
133 14 3 4 9 468 0 10 9 1 10 6 1 1 1 3 14 9 9 15
37 11 2 3 21 0 621 0 2 0 4 1 8 0 2 3 5 0 0 0
113 9 0 2 32 1 0 501 18 4 3 2 4 0 1 14 1 8 4 3
126 13 5 9 15 14 0 19 457 1 1 8 4 0 2 4 8 14 2 18
90 2 2 1 23 0 0 7 5 565 4 0 0 0 4 7 3 0 0 7
68 13 0 1 27 0 2 9 4 10 465 7 6 0 8 70 6 5 4 15
53 20 5 4 15 0 2 2 28 8 1 376 0 0 0 4 4 0 2 16
81 4 2 1 34 0 7 3 19 1 0 1 354 0 0 10 5 1 0 17
41 7 0 7 15 0 2 2 4 1 6 6 0 444 0 1 3 0 1 0
34 3 7 4 66 1 1 1 7 19 1 5 0 1 365 8 9 1 1 6
48 4 1 0 30 0 1 1 17 0 6 0 2 0 1 406 7 0 2 14
78 11 6 0 0 0 0 0 21 1 0 1 0 0 0 5 403 0 2 12
75 1 1 6 8 43 0 2 15 0 4 2 3 0 1 0 8 360 9 2
72 7 2 2 16 21 0 0 6 0 0 3 0 1 4 10 17 0 368 11
107 3 1 0 4 7 0 1 16 2 2 0 0 0 0 6 7 0 0 384
