822 88 37 8 13 7 0 24 24 9 6 4 15 2 0 26 22 1 4 28 0 0 0 0 0 0 0 0 0 0
46 629 14 20 9 2 1 14 5 0 0 0 1 3 3 2 5 0 2 4 0 0 0 0 0 0 0 0 0 0
74 40 475 3 12 15 1 20 11 3 1 5 5 0 9 1 14 1 15 55 0 0 0 0 0 0 0 0 0 0
73 33 13 484 42 3 1 13 8 11 1 13 16 1 21 0 10 0 0 17 0 0 0 0 0 0 0 0 0 0
42 35 10 8 545 2 4 32 4 18 1 2 5 0 36 8 2 1 2 3 0 0 0 0 0 0 0 0 0 0
128 18 16 5 13 490 1 10 2 7 4 4 1 0 1 6 34 4 8 8 0 0 0 0 0 0 0 0 0 0
19 17 7 5 12 1 647 4 3 1 10 1 14 0 5 3 3 2 3 3 0 0 0 0 0 0 0 0 0 0
78 23 9 1 23 2 2 548 11 1 6 2 12 0 5 10 7 6 12 2 0 0 0 0 0 0 0 0 0 0
100 19 35 4 9 20 0 38 461 6 0 11 4 1 9 3 3 8 4 25 0 0 0 0 0 0 0 0 0 0
49 9 18 2 19 1 0 20 10 579 6 6 2 0 21 8 0 0 2 8 0 0 0 0 0 0 0 0 0 0
52 23 2 5 12 0 3 23 9 9 481 4 7 2 16 76 2 5 15 14 0 0 0 0 0 0 0 0 0 0
58 23 13 17 15 1 2 7 7 8 0 375 8 1 0 0 16 0 0 19 0 0 0 0 0 0 0 0 0 0
71 20 15 2 17 1 3 12 17 3 0 3 396 0 0 1 2 0 0 7 0 0 0 0 0 0 0 0 0 0
31 10 6 10 6 1 4 15 1 6 8 4 4 458 2 1 2 1 0 0 0 0 0 0 0 0 0 0 0 0
21 4 15 4 50 0 1 5 2 16 5 3 5 0 401 6 12 5 7 8 0 0 0 0 0 0 0 0 0 0
45 10 17 0 23 3 2 6 4 0 17 4 12 1 6 399 7 0 3 11 0 0 0 0 0 0 0 0 0 0
67 22 17 0 0 2 0 4 5 1 0 3 0 0 10 2 426 0 0 11 0 0 0 0 0 0 0 0 0 0
43 14 16 10 4 48 0 38 8 0 5 1 3 1 6 0 17 343 7 6 0 0 0 0 0 0 0 0 0 0
47 14 13 1 10 31 4 12 5 0 3 2 0 0 9 5 15 1 391 7 0 0 0 0 0 0 0 0 0 0
102 31 9 0 14 6 2 15 7 2 0 6 4 0 3 3 8 0 0 358 0 0 0 0 0 0 0 0 0 0
89 22 25 0 7 207 0 12 17 1 0 3 2 0 7 0 16 5 107 50 0 0 0 0 0 0 0 0 0 0
85 77 36 59 7 36 0 111 34 6 14 1 1 0 4 1 10 62 7 19 0 0 0 0 0 0 0 0 0 0
45 58 31 89 75 8 3 5 8 8 4 120 4 3 22 32 5 4 26 20 0 0 0 0 0 0 0 0 0 0
153 22 48 132 13 13 0 12 13 7 80 4 10 3 3 1 20 0 0 36 0 0 0 0 0 0 0 0 0 0
51 41 71 23 53 15 0 14 47 0 5 23 0 8 51 5 8 73 76 6 0 0 0 0 0 0 0 0 0 0
74 17 22 26 86 7 0 41 29 9 14 7 74 28 62 8 41 14 4 7 0 0 0 0 0 0 0 0 0 0
61 19 23 20 63 37 4 33 60 4 3 59 22 5 10 12 10 29 80 16 0 0 0 0 0 0 0 0 0 0
106 94 95 74 7 42 2 9 3 0 0 10 2 39 20 0 24 7 23 13 0 0 0 0 0 0 0 0 0 0
90 16 112 10 18 10 30 13 3 2 4 7 46 34 75 2 67 0 9 3 0 0 0 0 0 0 0 0 0 0
69 91 33 0 3 25 5 11 64 1 107 1 10 31 6 33 29 0 49 2 0 0 0 0 0 0 0 0 0 0
