744 95 19 10 11 1 3 25 29 14 11 2 13 1 1 10 12 3 10 20 4 24 0 61 12 2 0 1 1 1
12 644 9 4 3 0 3 6 2 3 0 1 3 0 0 0 4 0 0 3 3 5 8 28 0 0 0 13 3 3
49 27 476 5 11 11 0 27 2 6 0 11 8 7 5 3 15 1 5 13 16 5 7 29 6 0 5 7 1 2
62 39 18 453 31 0 6 6 2 13 0 10 9 0 13 5 4 0 3 2 3 12 16 9 1 2 3 21 16 1
16 31 10 4 529 0 11 32 2 22 10 1 4 1 11 6 4 2 4 0 5 7 20 6 1 2 0 6 11 2
67 29 19 5 6 472 4 19 11 3 6 1 3 0 1 3 3 8 10 7 14 20 1 28 3 1 1 9 3 3
8 18 9 2 13 0 669 2 0 7 2 1 9 0 1 1 1 0 0 2 1 4 1 4 0 0 0 2 2 1
50 15 5 2 13 1 2 549 8 13 4 1 6 0 7 9 8 10 5 2 7 15 3 14 2 0 6 1 0 2
73 11 21 13 10 27 1 26 459 12 1 7 1 1 3 5 2 22 0 2 12 14 2 8 9 5 10 1 1 1
27 7 15 1 14 0 0 19 1 591 11 5 1 0 18 5 0 1 0 4 0 12 1 15 11 1 0 0 0 0
31 12 2 1 9 1 10 26 6 9 496 5 7 0 14 79 3 1 3 5 12 5 0 6 0 1 5 0 2 9
53 19 4 4 12 2 7 5 0 15 0 373 4 0 0 0 4 1 3 16 4 1 7 25 0 0 1 6 2 2
38 22 2 3 12 0 4 10 15 3 0 0 404 0 0 0 3 0 0 5 0 6 1 32 1 5 4 0 0 0
18 14 1 7 6 0 3 3 0 5 6 2 0 471 4 2 0 1 1 2 2 0 0 7 1 2 1 2 8 1
9 11 10 7 32 1 3 7 0 22 7 4 2 2 376 9 4 2 5 5 2 4 5 10 1 3 0 3 24 0
30 15 12 0 20 0 1 7 0 4 14 5 1 0 5 402 0 0 1 13 12 7 3 10 0 0 5 0 1 2
42 27 13 3 0 0 0 7 6 2 0 4 2 0 0 2 429 0 1 6 7 4 0 4 0 0 0 4 0 7
20 18 2 5 10 25 0 30 7 0 1 2 9 1 0 0 10 360 0 4 2 4 2 4 10 1 3 27 4 9
16 27 3 0 1 32 3 10 1 4 0 3 0 0 2 5 12 0 394 0 3 9 1 11 6 2 11 5 2 7
31 35 15 0 4 1 2 13 4 8 0 6 2 0 0 0 17 0 2 368 4 17 1 32 1 1 1 3 0 2
43 25 9 1 2 41 2 8 15 0 1 0 0 0 1 0 11 5 51 19 289 13 4 22 2 0 0 4 0 2
43 20 36 23 2 3 0 14 11 11 1 1 1 5 0 0 7 17 0 5 10 340 2 10 1 0 0 0 0 7
14 47 3 5 22 1 7 3 2 10 0 15 0 0 3 1 0 0 0 8 1 3 367 11 19 3 5 15 3 2
27 3 14 0 1 0 0 7 4 11 0 0 0 0 0 0 14 1 0 17 2 9 1 453 5 0 0 0 1 0
24 19 21 9 9 4 0 10 21 0 1 3 0 1 7 3 7 19 13 4 3 4 16 14 348 0 2 3 3 2
11 15 9 1 26 1 1 10 6 13 2 0 14 0 17 0 9 0 0 8 8 0 3 32 2 372 3 2 1 4
24 26 10 3 34 0 1 19 2 10 0 4 12 0 1 1 6 0 8 2 2 1 11 8 17 0 347 20 1 0
34 81 6 8 2 1 1 13 0 1 1 1 1 0 0 0 8 0 2 2 3 4 4 11 2 0 27 341 10 6
11 19 3 0 8 0 5 9 0 7 0 1 1 0 1 0 2 2 1 2 1 1 0 6 0 0 0 11 455 5
13 48 8 1 2 0 3 11 6 10 0 0 1 0 2 0 3 1 2 0 1 7 1 14 2 1 0 4 2 427
