842 58 5 6 11 2 6 6 18 25 8 0 16 1 0 22 34 1 2 17
99 576 0 22 1 0 5 1 0 3 1 1 0 0 1 0 10 0 0 0
118 21 439 2 17 8 3 2 6 7 0 8 12 7 2 4 19 2 4 39
102 26 6 457 42 1 8 0 13 7 0 15 4 3 20 1 10 0 0 5
84 20 0 11 502 4 14 6 0 20 10 4 6 1 19 9 5 0 0 5
145 12 2 1 5 460 8 7 6 7 3 3 4 5 1 2 23 16 3 7
42 9 0 0 18 0 632 0 0 1 2 3 9 0 1 1 1 0 0 1
125 11 1 2 32 2 2 486 8 4 3 2 4 0 10 14 2 6 2 4
144 13 5 3 18 3 2 13 453 12 1 9 2 5 3 2 15 6 1 10
85 6 0 0 24 0 0 2 0 582 1 1 2 0 4 4 3 0 0 6
77 16 2 2 25 2 9 9 2 20 441 5 6 1 8 75 3 2 4 11
81 16 6 8 13 0 1 0 2 11 0 367 1 2 1 6 12 0 0 13
93 12 2 0 32 0 11 1 5 3 1 2 352 0 0 6 9 0 0 11
42 7 3 2 13 0 5 1 2 3 4 3 1 444 4 1 5 0 0 0
33 9 0 2 53 0 10 2 0 22 1 2 3 2 376 3 11 0 0 11
66 7 3 0 36 1 4 0 2 1 4 2 0 0 1 395 6 0 0 12
95 13 0 0 1 0 1 1 0 9 0 3 4 0 0 2 405 0 0 6
85 2 0 7 12 13 1 7 9 1 4 2 3 0 3 0 11 375 3 2
88 10 1 1 12 27 2 0 0 0 0 2 0 0 4 6 15 1 363 8
112 12 0 0 2 3 1 0 3 2 0 0 0 0 0 7 21 0 0 377
