783 103 9 7 4 2 3 31 11 9 4 1 9 0 1 24 12 2 2 10 1 49 4 40 10 1 2 3 2 1
17 652 4 11 0 3 1 7 1 3 0 3 1 0 0 0 1 0 3 1 1 12 4 17 3 0 1 10 1 3
53 45 475 2 10 12 1 19 4 5 0 6 10 3 7 0 9 3 7 8 12 21 2 24 3 0 7 8 4 0
50 57 11 421 27 0 7 5 7 21 0 6 8 0 15 3 5 1 0 2 2 22 24 7 2 2 4 20 30 1
28 46 8 4 496 1 8 35 2 22 9 1 1 0 14 13 1 3 0 1 2 19 20 4 0 2 2 7 11 0
89 45 12 3 7 456 4 3 3 16 9 6 2 0 0 0 7 12 6 1 11 30 3 16 4 0 2 9 2 2
12 19 11 4 6 1 663 3 1 8 0 0 8 0 3 5 0 0 0 2 0 0 4 3 0 0 1 0 3 3
49 23 6 1 11 4 2 571 6 8 6 0 5 1 8 8 4 6 1 5 5 13 1 11 1 0 3 1 0 0
95 18 20 6 15 13 1 18 448 12 0 3 1 0 7 2 6 21 1 0 0 34 1 10 11 3 12 1 0 1
33 16 14 0 13 0 0 26 4 578 7 8 1 0 16 4 3 1 0 3 1 17 0 8 4 1 2 0 0 0
36 20 3 3 10 1 10 34 1 14 493 3 1 2 6 73 6 5 5 1 6 4 4 3 1 7 4 0 1 3
62 24 3 13 10 4 8 5 0 10 0 363 3 0 0 1 4 0 0 7 2 2 15 15 7 0 2 5 3 2
61 23 2 2 13 1 5 7 0 12 0 0 400 0 0 0 1 0 0 3 0 12 3 17 1 2 5 0 0 0
25 15 4 4 10 1 4 6 1 5 3 7 0 457 7 4 0 3 0 0 0 0 1 6 1 0 1 1 2 2
19 17 12 7 30 0 2 4 1 17 6 2 7 0 350 8 8 3 1 1 3 6 11 4 3 0 5 0 43 0
35 22 11 0 16 3 0 6 0 1 16 2 3 0 1 403 5 0 3 10 5 6 1 11 0 0 9 0 0 1
65 37 11 0 0 1 0 2 0 2 0 2 1 0 0 2 417 0 0 0 3 4 1 13 1 0 0 2 0 6
37 24 5 2 3 12 0 37 9 0 0 2 2 0 3 1 5 370 7 2 2 11 1 3 13 0 5 11 1 2
26 25 7 0 4 26 2 3 0 8 0 2 0 0 2 6 14 2 390 0 6 11 6 10 15 0 3 1 0 1
57 33 8 2 12 14 0 16 4 8 0 0 23 0 0 0 8 0 1 334 0 18 0 28 3 0 0 1 0 0
64 35 8 0 1 37 2 3 0 1 1 0 0 0 0 1 8 9 35 17 301 24 0 18 2 0 0 2 0 1
62 49 14 10 3 5 0 8 15 11 0 0 0 0 0 0 4 14 0 2 3 358 0 6 5 0 0 0 0 1
21 46 10 2 15 2 3 1 1 6 0 1 1 0 2 0 0 0 0 6 1 4 403 17 5 0 5 17 1 0
41 8 7 0 0 2 0 9 3 16 0 1 5 0 0 0 5 0 0 4 5 11 0 444 9 0 0 0 0 0
37 31 9 8 9 5 2 10 1 3 1 1 1 0 11 4 6 11 10 1 1 5 18 11 365 0 2 4 3 0
29 19 7 4 23 1 0 2 5 6 3 0 28 0 17 3 8 2 0 4 6 1 3 32 9 355 1 0 1 1
30 29 7 1 30 2 4 12 1 10 0 4 10 0 0 1 5 0 8 1 3 4 21 12 22 0 308 45 0 0
47 77 11 8 3 6 1 7 0 4 0 0 1 0 0 0 8 1 0 0 0 7 8 6 1 0 13 344 16 1
17 31 5 1 9 1 4 8 0 0 0 4 2 0 2 0 1 0 1 1 3 1 0 3 1 0 1 5 447 3
34 58 17 0 0 0 0 8 2 4 0 0 0 0 1 1 6 1 0 0 1 14 0 3 3 0 0 2 1 414
