777 71 19 8 7 6 3 21 33 15 20 3 15 1 3 19 17 3 7 16 0 21 2 34 8 1 4 3 2 1
32 607 13 6 2 0 6 3 2 1 1 4 4 0 3 1 9 0 0 6 3 4 19 15 0 0 0 15 1 3
58 21 466 3 19 8 3 16 11 2 0 8 12 9 5 2 7 2 4 17 21 11 11 26 3 0 1 10 3 1
52 27 9 431 41 5 6 4 9 13 3 23 21 2 10 5 1 0 0 4 3 17 30 7 3 0 2 25 6 1
24 24 7 2 540 0 10 27 5 25 5 3 6 0 14 8 0 3 0 1 7 4 20 3 1 1 1 7 9 3
99 21 15 4 7 483 3 10 5 7 7 2 5 1 0 1 18 10 1 11 5 13 3 17 1 0 2 8 0 1
14 14 10 3 14 3 656 0 1 0 1 1 16 0 2 2 1 0 0 5 1 0 0 3 0 0 1 3 5 4
76 14 4 4 16 1 0 564 5 5 2 0 20 0 1 7 3 6 0 1 6 13 1 5 0 0 1 2 1 2
103 10 22 12 12 10 0 18 489 7 1 5 4 0 4 5 1 13 0 5 4 17 0 2 4 3 7 1 1 0
47 9 7 2 17 0 0 26 1 579 6 4 4 0 16 4 0 1 0 9 2 4 0 12 9 0 1 0 0 0
44 16 1 4 17 1 6 30 8 13 484 1 4 1 11 77 5 1 2 8 3 4 2 3 0 1 1 1 1 10
48 11 17 10 9 6 6 1 10 16 0 367 10 0 1 1 6 0 0 16 4 0 15 8 2 0 1 3 0 2
54 19 4 2 17 3 1 8 15 3 0 0 411 0 0 0 5 0 0 1 0 7 3 13 2 0 1 1 0 0
32 7 2 9 15 2 4 1 1 3 4 7 1 468 3 1 2 1 0 0 0 0 0 0 2 1 0 1 2 1
17 12 16 8 51 1 6 3 0 15 3 2 4 1 374 8 3 5 1 2 2 0 9 4 0 2 4 7 9 1
40 7 6 0 32 3 2 0 1 0 16 0 9 0 3 405 6 0 1 11 10 2 3 7 0 0 3 3 0 0
49 18 7 0 0 2 0 2 8 3 0 2 1 0 1 1 431 0 0 10 10 5 3 2 3 0 0 6 0 6
46 6 2 3 7 26 1 28 3 0 0 4 6 0 0 0 8 385 1 5 9 5 1 3 3 1 0 13 0 4
45 13 13 3 4 31 5 4 2 1 3 2 0 0 0 9 10 0 376 5 11 2 1 5 16 0 0 5 1 3
58 25 19 1 4 5 1 6 7 0 1 3 7 0 0 0 15 0 0 368 5 8 0 32 1 0 2 2 0 0
62 15 14 1 0 23 1 1 12 0 0 0 0 0 0 4 16 9 27 23 335 9 1 8 0 0 1 6 0 2
72 8 24 8 2 1 0 27 20 9 0 4 3 0 0 1 7 17 0 6 9 333 1 5 8 0 1 1 0 3
24 40 6 2 27 0 6 3 0 6 0 7 0 0 4 4 1 0 0 6 0 2 374 8 28 0 7 13 1 1
39 4 12 0 1 0 0 7 4 9 1 4 0 0 0 0 4 0 0 11 14 7 0 444 7 0 1 0 1 0
45 23 17 12 4 1 2 2 25 4 0 1 2 0 8 4 0 15 9 12 2 8 12 4 357 0 0 1 0 0
29 10 13 1 24 0 1 7 12 8 6 1 16 0 21 2 8 3 0 6 5 2 3 28 2 353 1 1 0 7
40 18 14 2 40 0 3 18 2 4 1 6 8 0 0 2 4 5 5 1 4 0 11 6 21 0 318 37 0 0
58 53 11 7 1 3 2 0 0 0 0 4 4 2 0 0 10 1 0 2 1 3 16 8 3 0 25 344 6 6
19 19 5 1 12 1 8 4 2 4 0 5 4 0 1 0 2 0 0 2 1 0 0 1 0 0 0 7 448 5
35 25 13 2 1 5 2 9 6 3 0 1 1 0 0 1 9 1 1 8 3 4 1 5 4 0 0 6 0 424
