887 54 7 1 20 4 6 9 6 2 9 1 10 1 1 26 21 0 7 8
86 581 2 16 4 2 10 0 0 0 0 4 3 0 0 1 10 0 1 0
123 17 442 5 20 22 5 4 5 4 0 8 8 3 1 3 9 5 6 30
103 33 3 444 52 3 15 2 7 1 0 16 10 5 15 0 10 0 0 1
66 28 0 10 526 0 19 12 0 15 9 1 5 0 11 9 7 0 0 2
145 19 8 6 9 467 7 5 2 0 6 1 3 0 0 0 16 15 2 9
27 7 2 5 14 0 651 0 0 0 2 1 9 0 0 0 2 0 0 0
123 9 3 2 37 1 1 509 6 4 0 1 4 0 5 10 1 3 0 1
157 12 12 6 18 10 2 20 426 7 0 6 2 1 4 2 14 11 0 10
94 3 1 1 25 0 0 7 0 562 2 4 2 0 8 5 2 0 0 4
66 17 3 1 38 4 10 13 3 15 455 5 2 0 9 67 3 1 1 7
83 11 8 8 14 1 7 0 2 7 0 376 3 0 1 4 5 0 0 10
93 10 2 1 36 0 8 4 7 0 2 1 353 0 0 8 14 0 0 1
42 8 9 5 11 0 6 0 2 3 6 4 1 434 3 2 4 0 0 0
34 9 3 1 80 1 7 1 1 20 2 3 1 1 367 2 4 1 0 2
70 4 2 2 45 0 4 0 0 0 12 0 0 0 2 388 4 0 2 5
99 18 8 0 0 2 2 2 1 0 0 2 2 0 0 4 396 0 0 4
83 6 5 10 11 29 0 10 4 2 2 1 6 0 1 0 10 358 1 1
86 9 3 3 11 41 4 0 0 0 0 2 1 2 1 8 8 2 355 4
121 8 1 0 8 8 3 0 7 5 1 18 0 0 0 6 15 0 0 339
