467 4 1 14 1 38 2 3 7 10 3 5 1 21 4 11 36 9 11 22 26 3 19 6 12 2 11 1 5 5
9 376 7 6 1 13 2 19 12 16 0 11 1 2 2 6 12 1 1 2 1 0 0 6 10 2 31 0 6 15
4 3 569 11 1 22 0 2 3 12 0 14 0 6 1 2 42 2 1 18 1 6 3 1 4 8 9 4 0 11
6 2 6 495 0 34 5 4 18 8 6 10 2 0 4 28 26 5 1 10 12 0 6 2 9 0 21 5 9 26
0 0 4 7 669 5 1 10 5 8 0 2 2 5 1 3 6 0 0 2 0 1 5 2 4 6 1 4 0 7
21 4 9 17 4 734 0 15 16 5 2 3 0 4 8 13 46 14 5 27 1 14 6 2 2 10 60 2 3 93
2 1 8 2 6 15 377 3 5 15 6 1 0 6 4 5 6 14 0 2 5 1 11 1 4 0 13 0 7 50
16 3 2 2 7 31 1 401 6 7 2 0 1 0 0 2 19 0 0 7 2 0 11 1 2 0 22 0 3 22
5 0 6 13 0 30 0 0 432 3 2 0 5 6 0 3 3 0 1 5 11 0 0 3 8 0 11 0 0 23
2 3 14 2 17 4 10 6 4 553 1 7 1 2 3 0 50 2 0 10 4 3 1 10 9 4 7 0 0 31
0 0 1 4 3 21 7 2 12 5 340 0 1 3 1 4 16 4 0 13 7 1 10 7 2 1 11 0 21 73
0 2 20 10 7 10 5 2 7 29 1 361 0 4 3 7 15 0 0 1 4 9 12 28 7 6 2 3 5 10
5 2 7 9 1 11 0 0 6 1 4 5 429 3 0 9 15 4 1 16 3 0 1 1 3 0 4 0 0 30
7 0 12 2 4 48 8 8 7 2 3 0 0 373 2 16 5 1 0 3 1 2 16 4 9 1 20 1 0 15
0 0 9 7 9 11 0 0 10 3 1 1 4 0 396 1 19 14 0 9 24 4 2 6 6 1 8 1 12 12
1 1 2 10 4 27 1 13 19 4 2 1 1 31 0 343 23 1 0 16 8 0 0 0 2 0 22 0 1 37
6 3 15 3 1 33 3 14 3 5 2 4 4 5 6 3 583 1 4 7 2 5 9 0 9 3 5 1 4 17
26 1 2 12 1 17 16 0 4 6 3 12 0 4 8 5 13 362 11 4 8 4 9 6 5 0 8 2 7 14
1 1 1 3 2 17 1 8 12 4 16 1 7 0 4 2 43 12 343 4 51 1 11 5 5 0 3 1 5 6
9 0 9 25 1 19 1 5 8 15 0 1 10 4 0 3 29 3 12 340 7 1 17 4 6 4 10 3 1 23
3 0 11 15 9 52 3 5 9 7 9 0 1 5 4 11 23 5 9 17 500 1 8 3 9 3 21 0 3 14
2 0 1 14 1 14 1 16 9 19 0 3 0 0 10 11 8 2 0 2 3 397 2 0 11 7 12 0 11 14
5 3 15 3 10 35 17 24 4 13 21 6 0 5 2 3 23 2 0 16 12 5 466 10 7 2 4 5 2 40
0 1 4 4 4 8 1 4 0 10 7 0 0 2 1 0 12 0 0 4 0 1 3 463 1 0 7 2 0 12
13 1 4 0 3 30 3 2 11 3 0 1 1 3 41 19 22 2 4 21 34 0 2 0 309 0 16 0 2 23
7 4 3 1 6 8 3 6 7 9 1 11 5 3 5 11 32 3 1 6 2 70 3 2 11 521 4 0 2 13
2 0 9 6 2 15 0 0 14 1 1 0 0 7 0 11 12 2 0 10 2 0 0 0 7 0 450 0 2 17
0 4 3 3 5 16 0 3 1 3 0 7 1 2 1 0 17 2 2 3 2 4 10 3 2 4 1 465 0 6
1 1 6 6 3 26 9 21 5 16 20 0 0 6 3 1 22 14 1 6 3 3 3 3 5 0 8 5 351 22
0 0 1 2 7 9 3 7 5 0 7 1 3 1 0 2 10 5 0 19 2 2 11 6 2 0 20 0 0 635
