854 114 13 3 10 1 1 8 11 2 0 0 3 0 0 37 6 2 4 11
87 577 0 39 4 1 1 0 1 1 0 1 2 0 1 3 1 0 0 1
127 45 427 8 14 10 2 3 7 4 0 4 2 3 5 19 2 0 8 30
107 30 3 453 40 3 1 1 13 1 0 18 12 11 16 6 1 1 2 1
76 39 0 21 519 0 7 7 1 9 2 1 2 0 19 15 1 0 1 0
145 33 3 0 10 454 4 3 10 0 6 1 0 3 0 2 0 14 6 26
34 24 0 0 21 0 622 0 0 0 3 0 8 0 0 8 0 0 0 0
122 28 2 1 18 0 0 482 12 2 0 1 6 0 9 24 0 9 2 2
125 36 4 2 16 15 0 11 447 4 0 2 1 4 1 10 10 14 1 17
86 31 0 0 17 0 1 3 2 545 1 3 4 1 9 11 0 0 0 6
60 39 5 2 31 2 7 13 0 24 406 1 16 1 8 91 0 1 5 8
87 15 2 32 19 0 2 0 1 10 0 344 0 5 2 6 2 0 0 13
95 29 0 0 24 0 0 1 9 0 1 3 349 0 0 21 0 0 1 7
52 17 0 0 19 0 5 1 7 1 4 3 1 423 0 6 0 1 0 0
37 15 1 0 68 0 1 1 1 21 0 1 9 0 349 24 2 0 8 2
67 16 2 0 32 0 1 0 0 0 7 0 3 0 1 404 1 0 1 5
107 43 2 0 0 0 1 0 3 0 0 2 2 0 0 3 359 0 0 18
92 14 1 3 5 13 0 7 4 0 1 1 3 0 4 6 0 386 0 0
91 18 4 0 20 24 3 0 0 1 0 0 0 3 9 13 1 4 340 9
99 33 1 0 2 3 0 0 8 5 1 0 0 0 0 13 2 0 0 373
